0.1887    0.3276    -1
0.8178    0.7703    1
0.6761    0.4849    -1
0.6022    0.6878    -1
0.1759    0.8217    -1
0.2607    0.3502    1
0.2875    0.6713    -1
0.916    0.7363    -1
0.1615    0.2564    1
0.2653    0.9452    1
0.0911    0.4386    -1
0.0012    0.3947    -1
0.4253    0.8419    1
0.0067    0.4424    -1
0.8244    0.2089    1
0.3868    0.3592    -1
0.9174    0.216    -1
0.6074    0.3968    -1
0.068    0.5201    -1
0.9686    0.9937    1
0.0908    0.3658    1
0.3411    0.7691    -1
0.4609    0.4423    -1
0.1078    0.4501    1
0.3445    0.0445    -1
0.9827    0.7093    1
0.2428    0.3774    -1
0.0358    0.1971    -1
0.82    0.721    1
0.6718    0.6714    -1
0.6753    0.2428    -1
0.7218    0.4299    -1
0.3127    0.8329    1
0.0225    0.4162    1
0.5313    0.2187    1
0.7847    0.4243    -1
0.2518    0.6476    1
0.4076    0.5439    1
0.9063    0.4587    1
0.4714    0.2703    -1
0.7702    0.0196    -1
0.2548    0.3477    -1
0.0942    0.5407    1
0.1917    0.8085    -1
0.6834    0.7689    -1
0.1056    0.1097    1
0.9577    0.5303    -1
0.9436    0.0938    -1
0.6959    0.3181    1
0.4235    0.4484    1
0.6171    0.6358    1
0.5309    0.5447    1
0.8444    0.2621    -1
0.5762    0.8335    -1
0.281    0.772    1
0.224    0.15    -1
0.4243    0.704    -1
0.7384    0.7551    -1
0.4401    0.9329    1
0.2665    0.7635    1
0.5944    0.662    1
0.3225    0.3309    -1
0.4709    0.2648    1
0.6444    0.9899    -1
0.5271    0.9727    1
0.7788    0.4046    1
0.7302    0.2362    1
0.5181    0.6963    -1
0.5841    0.6073    1
0.7184    0.5225    1
0.6999    0.1192    1
0.3439    0.1194    1
0.6951    0.7413    -1
0.611    0.0636    1
0.4229    0.5822    1
0.4735    0.8878    -1
0.2891    0.3935    -1
0.3196    0.6393    1
0.1527    0.3912    -1
0.6385    0.9398    1
0.2904    0.679    1
0.4574    0.192    1
0.3251    0.1058    1
0.6377    0.5254    -1
0.5985    0.8699    1
0.4257    0.862    -1
0.2691    0.7904    -1
0.8754    0.1389    1
0.0336    0.6456    1
0.6544    0.6473    1